%YAML:1.0
---
K: !!opencv-matrix
   rows: 3
   cols: 3
   dt: d
   data: [ 4.3541764640916159e+02, 0., 3.2962283492011710e+02, 0.,
       4.3193248453769212e+02, 2.2616754267171544e+02, 0., 0., 1. ]
D: !!opencv-matrix
   rows: 1
   cols: 5
   dt: d
   data: [ -6.2665306986735814e-01, -4.7415858099678615e-01,
       2.1493618320836409e-02, 5.3921681498581793e-02,
       6.9899162265577375e-01 ]
