%YAML:1.0
---
DIM: !!opencv-matrix
   rows: 2
   cols: 1
   dt: d
   data: [ 658., 492. ]
K: !!opencv-matrix
   rows: 3
   cols: 3
   dt: d
   data: [ 2.6860966602027020e+02, 0., 3.4135092497852514e+02, 0.,
       2.6704872585735114e+02, 2.5675101160323067e+02, 0., 0., 1. ]
D: !!opencv-matrix
   rows: 4
   cols: 1
   dt: d
   data: [ -6.5375131855859567e-02, -6.6398931452388663e-02,
       6.8982394994596255e-02, -2.4877342407279637e-02 ]
