%YAML:1.0
---
K: !!opencv-matrix
   rows: 3
   cols: 3
   dt: d
   data: [ 3.3167984027571140e+02, 0., 2.8601103068153185e+02, 0.,
       3.4151671127889040e+02, 1.8213689622177040e+02, 0., 0., 1. ]
D: !!opencv-matrix
   rows: 1
   cols: 5
   dt: d
   data: [ -4.8968108088233181e-01, 1.1134330379983137e-01,
       2.7384914658115985e-02, 6.5181777459931395e-02,
       -1.1691353661988077e-02 ]
